Datum	Union	SPD	AfD	FDP	Linke*	Grüne	Piraten	Andere
01.07.21	28	15	11	11	7	20	-	8
25.06.21	28	15	12	11	6	21	-	4
10.06.21	28	14	12	12	7	20	-	7
14.05.21	24	15	11	12	7	25	-	6
06.05.21	23	14	12	11	6	26	-	8
16.04.21	28	15	11	11	7	21	-	7
01.04.21	27	16	11	9	7	22	-	8
19.03.21	29	17	11	9	7	20	-	7
04.03.21	33	16	11	7	7	20	-	6
19.02.21	33	16	11	8	6	20	-	6
04.02.21	34	15	10	8	6	21	-	6
22.01.21	34	15	10	7	6	21	-	7
07.01.21	35	14	10	7	7	21	-	6
11.12.20	36	16	9	6	7	20	-	6
03.12.20	36	15	10	6	7	21	-	5
27.11.20	35	15	11	7	7	21	-	4
12.11.20	36	15	10	6	7	20	-	6
16.10.20	35	15	11	6	7	20	-	6
01.10.20	35	15	10	6	8	21	-	5
18.09.20	36	16	10	5	8	20	-	5
03.09.20	36	17	10	6	7	19	-	5
21.08.20	37	16	10	6	8	17	-	6
06.08.20	38	15	11	6	7	18	-	5
24.07.20	37	14	11	5	7	20	-	6
02.07.20	37	16	10	5	7	20	-	5
26.06.20	37	16	10	5	7	20	-	5
04.06.20	38	15	9	6	8	19	-	5
15.05.20	38	15	10	6	7	18	-	6
07.05.20	39	16	9	5	8	18	-	5
17.04.20	38	17	9	5	7	19	-	5
02.04.20	34	16	10	5	7	22	-	6
20.03.20	30	14	10	7	9	23	-	7
05.03.20	27	16	12	6	9	23	-	7
13.02.20	26	16	14	7	9	22	-	6
06.02.20	27	14	14	8	9	22	-	6
24.01.20	26	14	14	8	8	24	-	6
09.01.20	27	13	14	9	8	23	-	6
13.12.19	27	14	15	8	8	21	-	7
05.12.19	25	13	15	9	8	23	-	7
15.11.19	25	15	14	7	9	22	-	8
07.11.19	26	14	14	8	9	22	-	7
18.10.19	28	14	14	7	8	22	-	7
11.10.19	28	13	14	7	8	24	-	6
20.09.19	27	14	14	8	8	23	-	6
05.09.19	27	14	15	7	7	23	-	7
23.08.19	26	14	14	7	7	25	-	7
01.08.19	26	12	14	8	7	26	-	7
26.07.19	26	13	12	9	8	26	-	6
04.07.19	25	13	13	8	8	26	-	7
28.06.19	26	13	12	9	7	25	-	8
06.06.19	25	12	13	8	7	26	-	9
17.05.19	29	17	13	8	8	18	-	7
02.05.19	28	18	12	8	9	20	-	5
18.04.19	29	16	13	8	8	21	-	5
04.04.19	29	17	12	9	8	20	-	5
22.03.19	29	18	12	9	8	19	-	5
15.03.19	29	17	13	8	9	19	-	5
22.02.19	30	18	12	8	8	18	-	6
14.02.19	29	17	13	9	8	19	-	5
25.01.19	28	15	15	9	8	20	-	5
10.01.19	29	15	14	9	9	20	-	4
14.12.18	31	15	13	8	8	20	-	5
06.12.18	30	14	14	8	8	20	-	6
30.11.18	28	14	15	9	8	21	-	5
15.11.18	26	14	14	8	9	23	-	6
19.10.18	25	14	16	11	9	19	-	6
11.10.18	26	15	16	10	10	17	-	6
21.09.18	28	17	18	9	10	15	-	3
06.09.18	29	18	16	8	10	14	-	5
24.08.18	29	18	17	8	9	14	-	5
02.08.18	29	18	17	7	9	15	-	5
27.07.18	30	18	16	8	8	15	-	5
05.07.18	30	18	16	8	9	14	-	5
28.06.18	32	19	14	8	9	13	-	5
14.06.18	31	18	15	8	10	13	-	5
18.05.18	33	17	14	8	10	13	-	5
09.05.18	32	18	15	8	9	13	-	5
20.04.18	32	17	15	10	10	12	-	4
05.04.18	33	18	14	9	10	12	-	4
23.03.18	33	19	13	9	10	12	-	4
01.03.18	34	18	15	9	9	11	-	4
23.02.18	34	17	14	9	10	12	-	4
15.02.18	33	16	15	9	11	13	-	3
01.02.18	33	18	14	10	11	11	-	3
26.01.18	33	19	12	10	10	11	-	5
04.01.18	33	21	13	9	9	11	-	4
15.12.17	32	20	13	9	9	12	-	5
07.12.17	32	21	13	9	10	11	-	4
20.11.17	32	22	11	10	10	11	-	4
17.11.17	31	21	12	11	10	11	-	4
09.11.17	30	21	13	12	9	11	-	4
20.10.17	31	21	12	12	9	11	-	4
12.10.17	32	20	11	11	10	10	-	6
14.09.17	37	20	12	9.5	9	7.5	-	5
07.09.17	37	21	11	9	10	8	-	4
31.08.17	37	23	11	8	9	8	-	4
25.08.17	38	22	10	9	9	8	-	4
09.08.17	39	24	8	8	9	8	-	4
28.07.17	40	23	9	8	8	8	-	4
06.07.17	39	23	9	9	9	8	-	3
16.06.17	39	24	8	9	8	7	-	5
08.06.17	38	24	9	10	8	7	-	4
19.05.17	38	26	9	9	6	8	-	4
11.05.17	37	27	10	8	7	8	-	3
21.04.17	35	30	10	6	8	7	-	4
13.04.17	34	31	11	6	7	8	-	3
24.03.17	32	32	11	6	7	8	-	4
09.03.17	32	31	11	6	8	8	-	4
24.02.17	31	32	11	6	7	8	-	5
02.02.17	34	28	12	6	8	8	-	4
27.01.17	35	23	14	6	8	9	-	5
05.01.17	37	20	15	5	9	9	-	5
16.12.16	36	21	13	6	9	10	-	5
08.12.16	35	22	13	5	9	11	-	5
18.11.16	32	23	12	6	9	13	-	5
03.11.16	33	22	13	6	9	12	-	5
21.10.16	33	22	14	5	9	12	-	5
06.10.16	33	22	14	6	9	11	-	5
23.09.16	32	22	16	6	8	12	-	4
01.09.16	33	23	14	5	9	11	-	5
26.08.16	33	22	13	5	9	12	-	6
04.08.16	34	22	12	5	9	13	-	5
15.07.16	33	22	12	6	8	14	-	5
07.07.16	34	22	12	6	9	13	-	4
17.06.16	31	21	14	7	9	14	-	4
02.06.16	32	21	15	6	9	13	-	4
20.05.16	32	21	15	7	9	12	-	4
04.05.16	33	20	15	6	8	13	-	5
22.04.16	33	21	14	7	8	12	-	5
07.04.16	34	21	14	7	7	13	-	4
24.03.16	34	22	13	7	8	12	-	4
29.02.16	36	23	11	6	9	10	-	5
26.02.16	37	23	10	6	8	11	-	5
03.02.16	35	24	12	5	9	10	-	5
15.01.16	37	25	10	4	8	10	-	6
07.01.16	39	24	9	4	8	11	-	5
18.12.15	38	24	10	4	8	10	-	6
03.12.15	37	25	10	4	8	11	-	5
20.11.15	37	25	9	5	8	10	-	6
05.11.15	37	24	8	5	9	11	-	6
23.10.15	38	24	8	5	9	11	-	5
01.10.15	40	24	6	5	9	10	-	6
11.09.15	42	25	4	4	9	11	-	5
03.09.15	42	24	4	4	8	12	-	6
14.08.15	42	24	4	4	9	11	-	6
30.07.15	42	24	4	5	9	11	-	5
17.07.15	41	24	4	6	9	11	-	5
02.07.15	40	25	5	5	10	11	-	4
19.06.15	40	25	5	5	10	10	-	5
03.06.15	40	25	5	6	9	10	-	5
22.05.15	41	26	5	5	9	9	-	5
07.05.15	40	25	6	4	9	10	-	6
24.04.15	41	24	6	4	8	11	-	6
02.04.15	41	25	6	4	9	10	-	5
13.03.15	41	24	6	4	9	11	-	5
05.03.15	41	25	6	4	9	10	-	5
13.02.15	42	24	7	3	8	10	-	6
05.02.15	41	25	6	3	9	10	-	6
16.01.15	41	25	6	4	8	10	-	6
08.01.15	41	26	6	3	8	10	-	6
19.12.14	42	25	6	-	8	10	-	9
04.12.14	40	26	7	2	9	11	-	5
21.11.14	41	26	6	3	8	11	-	5
06.11.14	41	25	7	3	9	10	-	5
24.10.14	40	26	7	2	9	10	-	6
02.10.14	41	24	9	2	10	9	-	5
26.09.14	39	25	8	3	10	10	-	5
04.09.14	40	24	7	3	10	10	-	6
29.08.14	42	25	5	3	9	9	-	7
07.08.14	41	26	5	3	9	10	-	6
18.07.14	40	26	4	4	10	10	-	6
03.07.14	39	26	5	4	9	11	-	6
20.06.14	39	25	6	4	8	12	-	6
05.06.14	38	26	7	4	9	11	-	5
15.05.14	39	26	6	4	9	11	-	5
30.04.14	40	26	5	4	9	10	-	6
25.04.14	41	25	5	4	10	10	-	5
03.04.14	41	26	5	4	9	10	-	5
28.03.14	41	25	5	4	8	10	-	7
06.03.14	42	24	4	4	9	11	-	6
28.02.14	40	26	5	4	9	10	-	6
06.02.14	41	27	5	4	9	9	-	5
31.01.14	42	27	4	4	8	9	-	6
09.01.14	41	27	4	4	8	9	-	7
20.12.13	42	27	4	4	8	9	-	6
05.12.13	43	25	4	3	9	10	-	6
22.11.13	42	25	4	3	9	10	-	7
07.11.13	42	26	4	3	9	10	-	6
25.10.13	40	27	5	4	9	9	-	6
10.10.13	42	26	4.5	3	9	8	-	7.5
22.09.13	41.5	25.7	4.7	4.8	8.6	8.4	2.2	4
12.09.13	40	28	2.5	5	8	10	2.5	4
05.09.13	41	27	3	5	8	10	-	6
29.08.13	41	26	3	5	8	11	-	6
23.08.13	42	24	3	5	9	12	2	3
15.08.13	42	25	-	5	8	12	3	5
09.08.13	42	25	-	5	7	13	3	5
01.08.13	42	26	-	5	7	13	-	7
25.07.13	42	25	2	4	7	14	-	6
19.07.13	41	26	3	4	7	13	-	6
12.07.13	41	26	3	4	6	14	-	6
04.07.13	42	25	-	4	7	14	3	5
28.06.13	41	26	-	4	7	13	3	6
21.06.13	41	25	-	5	7	14	-	8
14.06.13	41	26	2	4	7	15	-	5
06.06.13	41	27	3	4	6	14	-	5
31.05.13	42	26	3	4	6	14	-	5
24.05.13	41	27	2	4	6	14	2	4
17.05.13	41	26	3	4	6	14	3	3
10.05.13	40	27	3	5	6	14	-	5
02.05.13	40	26	3	4	7	15	-	5
26.04.13	40	27	3	4	7	14	-	5
21.04.13	41	27	3	4	7	14	-	4
12.04.13	42	27	-	4	7	15	2	3
04.04.13	41	27	-	4	8	14	3	3
28.03.13	39	28	-	4	8	15	3	3
22.03.13	38	27	-	5	8	16	2	4
14.03.13	40	25	-	5	7	17	3	3
07.03.13	40	26	-	4	7	17	2	4
28.02.13	41	27	-	4	6	15	3	4
21.02.13	40	28	-	5	6	15	3	3
15.02.13	40	27	-	4	7	16	3	3
07.02.13	39	29	-	4	6	15	3	4
31.01.13	40	27	-	4	6	15	4	4
24.01.13	42	27	-	4	6	14	3	4
18.01.13	42	26	-	4	7	13	4	4
10.01.13	41	28	-	4	6	14	3	4
04.01.13	41	29	-	4	6	12	4	4
21.12.12	40	30	-	4	7	13	3	3
06.12.12	39	30	-	4	7	14	3	3
23.11.12	39	29	-	4	6	15	4	3
08.11.12	40	30	-	4	6	14	4	2
26.10.12	38	30	-	4	7	13	5	3
04.10.12	39	31	-	4	7	11	4	4
28.09.12	37	30	-	4	7	12	6	4
06.09.12	37	30	-	4	6	13	6	4
17.08.12	36	29	-	5	6	13	7	4
01.08.12	36	28	-	5	6	13	8	4
20.07.12	35	30	-	4	6	14	8	3
05.07.12	35	30	-	4	7	14	7	3
22.06.12	34	31	-	4	6	14	8	3
06.06.12	34	30	-	5	5	13	9	4
25.05.12	33	29	-	5	6	13	11	3
18.05.12	33	30	-	5	5	13	11	3
03.05.12	34	28	-	4	6	14	11	3
12.04.12	35	27	-	3	6	14	11	4
04.04.12	35	27	-	3	7	14	10	4
16.03.12	37	30	-	3	7	13	6	4
01.03.12	37	28	-	3	7	14	7	4
17.02.12	36	29	-	3	7	16	6	3
02.02.12	36	29	-	3	7	15	6	4
19.01.12	36	29	-	3	7	15	6	4
05.01.12	35	30	-	2	6	16	6	5
23.12.11	36	30	-	3	6	16	6	3
01.12.11	35	30	-	3	7	16	6	3
25.11.11	35	30	-	3	7	14	7	4
03.11.11	34	31	-	4	6	15	7	3
28.10.11	33	32	-	3	7	14	7	4
06.10.11	32	30	-	3	6	17	8	4
26.09.11	34	30	-	4	6	18	4	4
16.09.11	33	30	-	5	7	19	-	6
09.09.11	35	30	-	3	7	18	-	7
01.09.11	35	28	-	4	7	20	-	6
19.08.11	34	27	-	5	7	21	-	6
04.08.11	32	28	-	4	8	23	-	5
22.07.11	33	27	-	4	8	23	-	5
07.07.11	32	26	-	5	8	23	-	6
24.06.11	34	26	-	4	7	23	-	6
10.06.11	33	25	-	5	8	24	-	5
22.05.11	33	26	-	4	8	23	-	6
13.05.11	33	26	-	5	8	22	-	6
05.05.11	35	26	-	4	7	23	-	5
15.04.11	33	26	-	4	8	24	-	5
07.04.11	33	27	-	5	7	23	-	5
24.03.11	35	27	-	5	7	21	-	5
18.03.11	35	28	-	5	7	20	-	5
10.03.11	35	28	-	6	9	15	-	7
24.02.11	35	27	-	6	8	17	-	7
18.02.11	37	25	-	5	8	18	-	7
13.02.11	35	26	-	5	9	19	-	6
03.02.11	36	25	-	5	8	19	-	7
21.01.11	34	28	-	4	8	19	-	7
06.01.11	36	26	-	4	9	19	-	6
10.12.10	33	27	-	5	10	20	-	5
02.12.10	32	27	-	5	10	21	-	5
12.11.10	31	26	-	5	10	23	-	5
04.11.10	32	27	-	5	9	22	-	5
15.10.10	31	28	-	5	10	21	-	5
07.10.10	32	27	-	5	11	20	-	5
30.09.10	33	29	-	5	10	18	-	5
17.09.10	32	29	-	5	10	18	-	6
02.09.10	32	30	-	5	10	17	-	6
20.08.10	31	31	-	5	10	16	-	7
05.08.10	31	31	-	5	10	17	-	6
23.07.10	33	30	-	5	10	17	-	5
01.07.10	33	30	-	5	10	17	-	5
15.06.10	32	29	-	5	11	17	-	6
11.06.10	31	29	-	6	12	16	-	6
02.06.10	32	29	-	8	10	16	-	5
27.05.10	33	27	-	7	11	16	-	6
14.05.10	32	28	-	7	11	17	-	5
29.04.10	35	26	-	8	10	16	-	5
16.04.10	36	26	-	9	10	14	-	5
31.03.10	35	28	-	8	10	14	-	5
19.03.10	35	27	-	9	10	14	-	5
04.03.10	36	25	-	10	11	14	-	4
19.02.10	34	27	-	10	10	15	-	4
04.02.10	36	26	-	8	11	15	-	4
22.01.10	36	25	-	10	11	13	-	5
07.01.10	36	25	-	11	10	12	-	6
11.12.09	35	24	-	12	11	14	-	4
03.12.09	35	24	-	12	11	13	-	5
19.11.09	35	22	-	13	12	12	-	6
13.11.09	35	21	-	13	12	13	-	6
05.11.09	35	22	-	14	12	12	-	5
16.10.09	34	22	-	14	13	12	-	5
08.10.09	34	23	-	14	13	11	-	5
17.09.09	35	26	-	14	11	10	-	4
10.09.09	35	23	-	14	12	12	-	4
03.09.09	35	23	-	14	11	13	-	4
27.08.09	35	23	-	15	10	13	-	4
20.08.09	36	23	-	15	9	13	-	4
13.08.09	37	22	-	15	9	12	-	5
06.08.09	35	23	-	16	10	13	-	3
30.07.09	36	24	-	14	10	13	-	3
17.07.09	36	23	-	14	10	13	-	4
02.07.09	35	23	-	15	10	13	-	4
26.06.09	35	24	-	15	9	13	-	4
11.06.09	36	25	-	14	9	13	-	3
15.05.09	35	28	-	13	9	12	-	3
07.05.09	34	27	-	14	10	11	-	4
16.04.09	35	26	-	14	10	11	-	4
08.04.09	34	27	-	14	10	11	-	4
02.04.09	34	26	-	15	11	11	-	3
20.03.09	33	27	-	16	10	10	-	4
05.03.09	32	27	-	17	10	11	-	3
20.02.09	33	26	-	16	11	11	-	3
05.02.09	34	25	-	16	11	11	-	3
22.01.09	35	25	-	14	11	11	-	4
08.01.09	37	26	-	13	10	10	-	4
18.12.08	37	24	-	12	11	11	-	5
12.12.08	36	23	-	13	12	12	-	4
05.12.08	37	23	-	12	12	12	-	4
06.11.08	37	25	-	11	12	11	-	4
16.10.08	35	25	-	12	13	10	-	5
02.10.08	35	25	-	13	11	11	-	5
18.09.08	37	26	-	12	12	10	-	3
10.09.08	36	26	-	12	12	10	-	4
04.09.08	36	26	-	11	13	10	-	4
21.08.08	37	25	-	12	13	10	-	3
08.08.08	36	24	-	12	14	11	-	3
10.07.08	37	24	-	11	12	12	-	4
03.07.08	36	25	-	12	13	11	-	3
12.06.08	36	24	-	12	13	11	-	4
05.06.08	34	24	-	13	14	12	-	3
15.05.08	36	25	-	11	12	12	-	4
01.05.08	37	27	-	10	12	10	-	4
24.04.08	36	27	-	10	12	11	-	4
03.04.08	37	26	-	10	12	11	-	4
20.03.08	38	27	-	9	12	11	-	3
06.03.08	39	28	-	8	12	10	-	3
21.02.08	37	29	-	10	12	9	-	3
07.02.08	38	30	-	9	11	9	-	3
24.01.08	39	30	-	9	10	9	-	3
11.01.08	39	30	-	9	9	9	-	4
14.12.07	39	28	-	10	10	9	-	4
06.12.07	40	28	-	9	11	9	-	3
15.11.07	41	30	-	8	9	9	-	3
01.11.07	40	30	-	8	10	8	-	4
18.10.07	41	28	-	7	10	10	-	4
05.10.07	40	27	-	8	11	10	-	4
20.09.07	39	27	-	10	10	11	-	3
06.09.07	39	27	-	9	10	11	-	4
10.08.07	38	28	-	10	10	10	-	4
02.08.07	38	28	-	9	11	11	-	3
12.07.07	38	28	-	9	11	11	-	3
05.07.07	38	28	-	10	11	10	-	3
24.06.07	38	29	-	9	10	10	-	4
14.06.07	38	29	-	9	9	11	-	4
07.06.07	37	31	-	9	9	11	-	3
18.05.07	37	30	-	9	9	11	-	4
11.05.07	36	31	-	10	8	11	-	4
03.05.07	37	31	-	10	8	11	-	3
19.04.07	36	31	-	10	8	11	-	4
05.04.07	36	31	-	11	8	11	-	3
09.03.07	37	30	-	10	8	11	-	4
01.03.07	36	31	-	10	8	11	-	4
08.02.07	33	32	-	12	8	11	-	4
01.02.07	35	31	-	11	8	11	-	4
11.01.07	35	31	-	11	8	10	-	5
04.01.07	36	30	-	11	8	11	-	4
14.12.06	34	31	-	11	8	12	-	4
07.12.06	35	31	-	10	8	11	-	5
16.11.06	34	32	-	11	8	10	-	5
02.11.06	31	31	-	13	9	12	-	4
19.10.06	32	32	-	12	9	11	-	4
05.10.06	30	33	-	13	9	10	-	5
21.09.06	32	31	-	13	9	10	-	5
07.09.06	34	28	-	14	9	10	-	5
24.08.06	35	29	-	13	10	9	-	4
03.08.06	35	29	-	12	9	10	-	5
21.07.06	35	29	-	13	9	10	-	4
13.07.06	35	28	-	12	9	11	-	5
06.07.06	35	29	-	12	10	10	-	4
15.06.06	37	30	-	10	10	9	-	4
09.06.06	37	30	-	10	9	10	-	4
01.06.06	37	30	-	10	9	10	-	4
18.05.06	37	30	-	10	9	10	-	4
11.05.06	38	31	-	9	9	9	-	4
04.05.06	39	31	-	9	8	10	-	3
27.04.06	37	32	-	9	8	10	-	4
20.04.06	38	32	-	9	8	10	-	3
12.04.06	40	31	-	9	8	9	-	3
06.04.06	40	30	-	10	8	9	-	3
30.03.06	41	31	-	9	8	8	-	3
23.03.06	41	31	-	8	8	9	-	3
16.03.06	40	30	-	9	8	9	-	4
09.03.06	41	29	-	9	8	9	-	4
02.03.06	41	30	-	9	7	10	-	3
23.02.06	42	31	-	8	7	9	-	3
16.02.06	42	30	-	9	8	8	-	3
09.02.06	41	31	-	8	8	8	-	4
02.02.06	40	32	-	8	9	7	-	4
26.01.06	40	33	-	7	9	8	-	3
19.01.06	39	32	-	8	9	9	-	3
12.01.06	39	32	-	8	9	9	-	3
05.01.06	39	31	-	9	9	9	-	3
21.12.05	36	32	-	9	10	9	-	4
15.12.05	35	33	-	10	9	9	-	4
08.12.05	36	34	-	10	8	9	-	3
01.12.05	36	34	-	10	8	9	-	3
24.11.05	35	34	-	10	9	9	-	3
17.11.05	34	34	-	11	9	9	-	3
10.11.05	36	33	-	10	10	8	-	3
03.11.05	37	32	-	10	9	9	-	3
27.10.05	36	34	-	9	9	9	-	3
20.10.05	37	34	-	9	9	8	-	3
13.10.05	37	34	-	9	8	8	-	4
06.10.05	36	34	-	10	8	8	-	4
29.09.05	36	34	-	9	9	8	-	4
22.09.05	35	34	-	10	9	8	-	4
08.09.05	41	34	-	6.5	8.5	7	-	3
01.09.05	43	32	-	6	9	7	-	3
25.08.05	42	31	-	7	9	8	-	3
17.08.05	42	30	-	7	9	8	-	4
11.08.05	42	29	-	6	10	9	-	4
04.08.05	42	29	-	6	11	8	-	4
28.07.05	42	28	-	7	12	8	-	3
21.07.05	42	27	-	7	12	9	-	3
15.07.05	42	27	-	8	11	9	-	3
08.07.05	43	27	-	7	11	8	-	4
01.07.05	44	27	-	7	10	8	-	4
24.06.05	45	27	-	7	9	9	-	3
17.06.05	46	28	-	7	8	8	-	3
10.06.05	47	29	-	7	5	9	-	3
03.06.05	48	28	-	7	4	9	-	4
27.05.05	47	29	-	6	5	8	-	5
23.05.05	46	30	-	7	5	7	-	5
22.05.05	46	29	-	8	4	8	-	5
20.05.05	45	29	-	7	4	10	-	5
13.05.05	44	29	-	8	4	10	-	5
04.05.05	45	29	-	7	4	10	-	5
29.04.05	45	29	-	6	5	10	-	5
22.04.05	44	30	-	6	5	10	-	5
15.04.05	44	29	-	7	5	9	-	6
08.04.05	45	29	-	7	5	9	-	5
01.04.05	45	29	-	7	5	9	-	5
24.03.05	44	30	-	7	5	9	-	5
18.03.05	43	30	-	7	5	9	-	6
11.03.05	44	30	-	6	5	10	-	5
04.03.05	43	31	-	6	5	10	-	5
25.02.05	42	31	-	6	5	11	-	5
18.02.05	40	32	-	7	5	11	-	5
11.02.05	40	31	-	7	5	11	-	6
04.02.05	39	32	-	7	5	11	-	6
28.01.05	38	33	-	7	5	12	-	5
21.01.05	38	33	-	8	4	12	-	5
14.01.05	37	33	-	8	5	12	-	5
07.01.05	38	33	-	8	5	12	-	4
22.12.04	38	34	-	7	5	12	-	4
17.12.04	40	32	-	7	5	11	-	5
10.12.04	40	32	-	8	5	11	-	4
03.12.04	40	33	-	7	4	11	-	5
26.11.04	39	32	-	8	5	11	-	5
19.11.04	39	32	-	7	5	12	-	5
12.11.04	40	31	-	7	5	12	-	5
05.11.04	40	30	-	8	5	13	-	4
29.10.04	38	31	-	8	6	12	-	5
22.10.04	38	31	-	8	5	12	-	6
15.10.04	40	30	-	7	5	13	-	5
08.10.04	41	29	-	7	6	12	-	5
01.10.04	41	29	-	7	6	12	-	5
24.09.04	43	26	-	7	6	13	-	5
17.09.04	43	26	-	6	6	13	-	6
10.09.04	44	26	-	6	6	13	-	5
03.09.04	44	26	-	6	7	12	-	5
27.08.04	43	25	-	7	7	12	-	6
20.08.04	43	24	-	6	8	13	-	6
13.08.04	44	24	-	7	8	12	-	5
06.08.04	44	23	-	8	7	13	-	5
30.07.04	44	25	-	7	7	12	-	5
23.07.04	44	25	-	7	7	12	-	5
16.07.04	46	23	-	7	7	13	-	4
12.07.04	45	23	-	7	7	13	-	5
02.07.04	45	23	-	7	7	13	-	5
25.06.04	45	24	-	7	6	13	-	5
18.06.04	45	24	-	8	6	12	-	5
11.06.04	46	26	-	8	5	11	-	4
04.06.04	46	27	-	6	5	11	-	5
28.05.04	46	27	-	7	5	11	-	4
21.05.04	47	26	-	6	5	11	-	5
14.05.04	47	26	-	7	4	12	-	4
07.05.04	46	27	-	7	4	12	-	4
30.04.04	47	26	-	6	5	11	-	5
23.04.04	46	27	-	6	5	11	-	5
16.04.04	46	27	-	7	5	11	-	4
08.04.04	46	27	-	7	5	11	-	4
02.04.04	47	27	-	7	5	11	-	3
26.03.04	48	26	-	6	5	11	-	4
19.03.04	48	26	-	6	4	12	-	4
12.03.04	49	25	-	6	5	11	-	4
05.03.04	50	24	-	6	5	11	-	4
27.02.04	47	25	-	9	5	11	-	3
20.02.04	47	25	-	9	5	11	-	3
13.02.04	48	24	-	8	5	11	-	4
06.02.04	49	24	-	8	5	11	-	3
30.01.04	48	25	-	8	5	11	-	3
23.01.04	47	25	-	8	5	12	-	3
16.01.04	48	26	-	7	5	11	-	3
09.01.04	48	26	-	7	5	10	-	4
19.12.03	49	26	-	6	4	11	-	4
12.12.03	50	25	-	7	4	10	-	4
05.12.03	51	26	-	6	3	10	-	4
28.11.03	49	27	-	7	3	11	-	3
21.11.03	49	27	-	7	3	11	-	3
14.11.03	50	25	-	6	4	11	-	4
07.11.03	51	24	-	7	4	10	-	4
31.10.03	51	24	-	6	4	11	-	4
24.10.03	50	25	-	6	3	12	-	4
17.10.03	50	26	-	5	3	11	-	5
10.10.03	50	26	-	5	3	11	-	5
03.10.03	50	27	-	5	3	11	-	4
26.09.03	48	28	-	6	4	11	-	3
19.09.03	46	29	-	7	4	10	-	4
12.09.03	46	30	-	6	4	9	-	5
05.09.03	46	29	-	6	4	10	-	5
29.08.03	46	30	-	6	4	10	-	4
22.08.03	46	30	-	7	4	10	-	3
15.08.03	45	30	-	8	3	10	-	4
08.08.03	46	30	-	7	4	10	-	3
01.08.03	46	31	-	6	4	9	-	4
25.07.03	45	31	-	7	4	10	-	3
18.07.03	46	31	-	6	4	10	-	3
11.07.03	46	32	-	6	4	9	-	3
04.07.03	47	30	-	7	4	10	-	2
27.06.03	47	30	-	6	4	10	-	3
20.06.03	48	30	-	6	4	9	-	3
13.06.03	47	29	-	7	4	10	-	3
06.06.03	47	29	-	7	4	10	-	3
30.05.03	46	30	-	7	4	11	-	2
23.05.03	47	28	-	8	4	10	-	3
16.05.03	48	27	-	8	4	10	-	3
09.05.03	47	29	-	7	4	11	-	2
02.05.03	48	28	-	7	4	10	-	3
25.04.03	46	30	-	6	3	12	-	3
18.04.03	47	30	-	5	4	11	-	3
11.04.03	46	31	-	6	3	10	-	4
04.04.03	45	31	-	6	3	11	-	4
28.03.03	46	31	-	5	3	11	-	4
21.03.03	47	30	-	5	4	10	-	4
14.03.03	49	28	-	6	3	11	-	3
07.03.03	49	27	-	6	3	12	-	3
28.02.03	49	28	-	6	4	11	-	2
21.02.03	49	28	-	6	3	11	-	3
14.02.03	49	27	-	6	3	12	-	3
07.02.03	49	28	-	6	3	11	-	3
31.01.03	47	30	-	7	3	10	-	3
24.01.03	47	30	-	7	3	10	-	3
17.01.03	47	30	-	6	3	11	-	3
10.01.03	48	29	-	5	3	12	-	3
03.01.03	47	31	-	5	4	10	-	3
20.12.02	47	30	-	5	4	11	-	3
13.12.02	47	29	-	6	4	11	-	3
06.12.02	48	28	-	5	4	12	-	3
29.11.02	48	30	-	5	4	11	-	2
22.11.02	48	30	-	4	4	11	-	3
15.11.02	46	32	-	5	4	10	-	3
08.11.02	44	34	-	5	4	10	-	3
01.11.02	43	35	-	6	4	9	-	3
25.10.02	41	36	-	6	4	10	-	3
18.10.02	40	37	-	6	4	10	-	3
11.10.02	39	38	-	7	4	9	-	3
04.10.02	39	38	-	7	4	9	-	3
22.09.02	38	38	-	7	4	9	-	3
06.09.02	40	38	-	8	4	8	-	2
30.08.02	41	39	-	7	4	7	-	2
23.08.02	41	36	-	8	4	7	-	4
16.08.02	40	34	-	10	5	7	-	4
09.08.02	41	34	-	9	5	7	-	4
02.08.02	40	35	-	9	5	7	-	4
26.07.02	41	35	-	9	5	7	-	3
19.07.02	40	35	-	9	6	6	-	4
12.07.02	40	35	-	9	6	6	-	4
05.07.02	40	36	-	9	6	6	-	3
01.06.02	39	34	-	10	6	8	-	3
01.05.02	41	32	-	11	5	7	-	4
01.04.02	39	34	-	9	7	7	-	4
01.03.02	40	36	-	9	6	6	-	3
01.02.02	41	36	-	8	7	6	-	2
01.01.02	39	38	-	8	7	5	-	3
01.12.01	36	40	-	9	7	6	-	2
01.11.01	35	41	-	9	6	6	-	3
01.10.01	36	40	-	9	5	6	-	4
01.09.01	36	38	-	10	5	7	-	4
01.08.01	36	38	-	10	6	7	-	3
01.07.01	34	39	-	10	7	7	-	3
01.06.01	37	39	-	9	5	7	-	3
01.05.01	35	41	-	8	5	7	-	4
01.04.01	36	39	-	8	5	7	-	5
01.03.01	35	40	-	8	5	8	-	4
01.02.01	35	38	-	9	5	8	-	5
01.01.01	37	38	-	9	5	7	-	4
01.12.00	37	38	-	7	5	8	-	5
01.11.00	37	39	-	7	6	6	-	5
01.10.00	39	39	-	6	6	6	-	4
01.09.00	34	43	-	8	6	6	-	3
01.08.00	34	42	-	9	5	6	-	4
01.07.00	38	39	-	8	5	6	-	4
01.06.00	39	38	-	9	5	7	-	2
01.05.00	36	41	-	7	5	6	-	5
07.04.00	34	39	-	7	7	8	-	5
03.03.00	31	42	-	9	7	7	-	4
04.02.00	31	43	-	8	6	8	-	4
07.01.00	39	39	-	5	6	7	-	4